123648759
126483759
128436759
128439576
128457369
128457639
128457936
128457963
153624879
153962487
156842739
156872439
156873249
156879243
156879324
213576489
213576849
213579648
213579684
217536489
217536849
217539648
217539684
217564839
217568439
243951687
243957681
245168739
245736819
245768139
245793681
245796813
248136759
248139576
248157369
248157639
248157936
248157963
248571369
248571639
248571936
248571963
312487569
312648759
312849675
315648279
315648972
315724869
315726489
315728469
315729648
315729684
315968247
324819675
324871569
324875169
324876159
324876519
324968715
324968751
328419756
351648927
351684279
351684972
351687249
351967248
351967284
351968472
352176489
352176849
352179648
352179684
357124869
357126489
357128469
357129648
357129684
357216489
357216849
357219648
357219684
357248169
357284169
357612489
357612849
357624819
357641289
357648129
357648219
357681249
357682419
357684129
357684219
361284759
361524879
362481759
364712859
364715289
364728159
364728519
364751289
364752819
364812759
364815927
364851279
364851972
365128479
365248179
368152479
368195247
368417259
368417529
368452719
368524179
369152847
369284517
412839756
412863579
412867539
421568739
423516879
423576819
423968517
427536819
427568139
427593681
427596813
451236879
453671289
453672819
453681279
453681972
453691287
453691728
456813729
456827139
459216873
459273681
459276813
459328176
459361287
459361728
459368217
459368712
459368721
459632817
459681327
481236759
481239576
481257369
481257639
481257936
481257963
481537269
481593726
482139756
482163579
482167539
482517369
482517639
482517936
482517963
483126759
483129576
483217569
483612579
483625179
483651729
483712569
483715269
483721569
483725169
483726159
483726519
483751269
483752169
483756129
483756219
483759126
483759216
483759612
483759621
485163729
485172369
485172639
485172936
485172963
485196327
486153927
486157239
486213759
486315279
486315972
486321579
486325719
486521739
486571239
486572139
486573129
486573219
486912375
486927153
486927315
486927351
486927513
486931275
486935127
513682479
513684927
513968427
513968724
516328479
516824739
528396471
528647139
612843759
615372489
615372849
624813759
631284579
632481579
632485719
637124859
637128459
637152489
637152849
637248159
637248519
637284159
637284519
637512489
637512849
637524819
637528419
639124857
639172485
639172845
639175248
639175284
639284175
639528471
645281739
648123759
648271539
648273159
648273519
648275139
648279153
648279315
648279351
648279513
648312759
648315927
648351279
648351972
648921357
648921753
648931572
648935217
648935712
648935721
648971253
648971523
648972153
648972315
648972351
648972513
648975123
648975213
648975312
648975321
651324879
651724839
651728439
652841739
712485369
712485639
712485936
712485963
712536489
712536849
712539648
712539684
712564839
712568439
712836459
712845369
712845639
712845936
712845963
712864539
712893645
712896453
715236489
715236849
715239648
715239684
715248369
715248639
715248936
715248963
715264839
715284369
715284639
715284936
715284963
721536489
721536849
721539648
721539684
721564839
721568439
723156489
723156849
723159648
723159684
723516489
723516849
723519648
723519684
723648159
723648519
723684159
723684519
724536819
724568139
724593681
724596813
724815369
724815639
724815936
724815963
724831569
724835169
724836159
724836519
724851369
724851639
724851936
724851963
724861539
724863159
724863519
724865139
724869153
724869315
724869351
724869513
725136489
725136849
725139648
725139684
725164839
725168439
726481539
726483159
726483519
726485139
726489153
726489315
726489351
726489513
728136459
728164539
728193645
728196453
728415369
728415639
728415936
728415963
728431569
728435169
728436159
728436519
728451369
728451639
728451936
728451963
728461539
728463159
728463519
728465139
728469153
728469315
728469351
728469513
729153648
729153684
729156483
729156843
729315648
729315684
729351648
729351684
729364815
729364851
729368415
729368451
729513648
729513684
729516483
729516843
729648153
729648315
729648351
729648513
729684153
729684315
729684351
729684513
751236489
751236849
751239648
751239684
751248369
751248639
751248936
751248963
751264839
751284369
751284639
751284936
751284963
752136489
752136849
752139648
752139684
752164839
752168439
752436819
752481369
752481639
752481936
752481963
752493681
752496813
752841369
752841639
752841936
752841963
753124869
753126489
753128469
753129648
753129684
753216489
753216849
753219648
753219684
753248169
753284169
753612489
753612849
753624819
753641289
753648129
753648219
753681249
753682419
753684129
753684219
756124839
756128439
756248139
756312489
756312849
756324819
756328419
756412839
756481239
756482139
756483129
756483219
756812439
756813249
756819243
756819324
756824139
756841239
756842139
756843129
756843219
756912483
756912843
756924813
756928413
756931248
756931284
756932481
756932841
812439675
812736459
812764539
812793645
812796453
813246759
813249576
813624759
813645729
816452739
819243675
819245736
819245763
819357246
819357624
819357642
819364725
819364752
819632457
819637245
819637524
819652473
819723645
819724536
819724563
819726453
819752436
819752463
819753246
819753624
819753642
819756243
819756324
819756423
841239756
841263579
841267539
841536927
841593276
841593627
841596723
842135769
842163759
842175369
842175639
842175936
842175963
843129756
843157269
843216579
843219657
843521769
843571269
843572169
843576129
843576219
843579126
843579216
843579612
843579621
843612759
843615927
843651279
843651972
845163279
845163972
846125739
846153729
846251739
846321759
846371259
846371529
846372159
846372519
846375129
846375219
846513927
846517239
846912573
846915372
846925173
846932175
846937125
846937152
846937215
846937251
846937512
846937521
846951723
847125369
847125639
847125936
847125963
847152369
847152639
847152936
847152963
847215369
847215639
847215936
847215963
847231569
847235169
847236159
847236519
847251369
847251639
847251936
847251963
847261539
847263159
847263519
847265139
847269153
847269315
847269351
847269513
847512369
847512639
847512936
847512963
847521369
847521639
847521936
847521963
847531269
847532169
847536129
847536219
847539126
847539216
847539612
847539621
847561239
847562139
847563129
847563219
852364179
912368457
912483675
912485736
912485763
912873645
912876453
915327648
915327684
915328476
915364872
915632487
915648372
915672483
915672843
915684723
917248536
917248563
917253648
917253684
917256483
917256843
917283645
917284536
917284563
917286453
917523648
917523684
917524836
917524863
917526483
917528436
917528463
921364857
921648357
921648753
924156873
924351687
924357681
924753681
924756813
928413576
928416375
928417536
928417563
928564713
931248576
931287645
931567248
931567284
931568472
931724856
931725648
931725684
931728456
931728645
931752486
931752648
931752846
932164875
932415687
932475681
932841756
932856471
935162487
935271648
935271684
935284716
936152847
936481725
936481752
936485271
936812457
936817245
936817524
936824715
936824751
936841572
936845217
936845712
936845721
951364827
951372486
951372648
951372846
951624873
951648327
951684372
952713648
952713684
952716483
952716843
952847136
952847163
961528473
963248517
963284715
963284751
963512487
963524871
964532871
964537128
964537281
964815327
964817253
964817523
964831725
964831752
964835271
964851372
964852713
965132847
968124573
968135724
968172453
968175243
968175324
968247153
968247315
968247351
968247513
968415723
968421375
968431527
968432157
968432571
968452173
968457123
968457213
968457312
968457321
